28000     33000
30000     35000
32500     37500
27000     32000
31000     36000
32500     37500
34000     39000
33500     38500
34500     39500
32000     37000
35000     40000
30000     35000
32500     37500
27000     32000
31000     36000
32500     37500
36000     41000
40000     45000
37000     42000
38000     43000
39000     44000
34000     39000
33500     38500
34500     39500
32000     37000
35000     40000
27000     32000
31000     36000
32500     37500
36000     41000
40000     45000
34000     39000
33500     38500
34500     39500
32000     37000
35000     40000
27000     32000
31000     36000
32500     37500
36000     41000
33000     38000
7500     12500
7500     12500
7700     12700
8000     13000
40000     45000
30000     35000
32500     37500
27000     32000
30000     35000
40000     45000